home_lat: 0.000000
home_long: 0.000000
